# This puzzle is solvable
17
 67  63   3 168 124 167 125  73  11   8 173  75  13  18  82  15  14 
121  66  60  65 169   7   9  74 175 129 131  12  77  80  21  17  78 
 62   1  64 166 174 209 210   6 243  71 127  16  81 132  83  20  19 
 58 123   4  69 240 165  68 128 170 211  10 171  76 219  79  22 134 
245 261 277   2 206 214 284 280 172 281 265 176  84 136 133 177  86 
205 119  57 116 164 264   5 204 266 242  70 216 182 130 179  87 137 
120 202 237  61 239 117 220 287 126 215 246 185 285 178 218 181  24 
279 118 288 163 235 258 241 212 269 257  72 222 268 180  31  25  85 
200  59  55 114 122 160 255 203 248 244 213 221 249 217 135 139 141 
 51 238 161 198 275 278 272 232 252 150 102 267  23 186  27  88 183 
 53 111 113 159 112 262 253 197 233 282 144 247 286 145 223 226 224 
 52 155 115 271 207 208 283  45 259 195 193 146 276  26 142  92 138 
  0 162 158  56 260 263 108 190 254 270 188 187  38  89 143 184  93 
 54 234 105 106 236 196 148 231 229  99 228  96  91  30  28  33  34 
109 104  49 103  46 152 199 273 157 153 256  42 189 251 225 147  90 
110 156 201 100 151 101  43  35 154 149 227 230  29  97  40  36  95 
 48 107  50  47 274  44  41 194 191  98  39 250  94 140  32  37 192 
